[gd_scene load_steps=4 format=2]

[ext_resource path="res://Cauldron/Cauldron.tscn" type="PackedScene" id=1]

[sub_resource type="ProceduralSky" id=3]

[sub_resource type="Environment" id=2]
background_mode = 2
background_sky = SubResource( 3 )
background_sky_orientation = Basis( 1, 0, 0, 0, -1, 1.50996e-07, 0, -1.50996e-07, -1 )

[node name="Level" type="Spatial"]

[node name="Sun" type="DirectionalLight" parent="."]
transform = Transform( -1.62921e-07, 0.422618, -0.906308, 0, 0.906308, 0.422618, 1, 6.88533e-08, -1.47656e-07, -20, 15, 0 )
light_energy = 16.0

[node name="Camera" type="Camera" parent="."]
transform = Transform( 1, 0, 0, 0, 0.819152, 0.573577, 0, -0.573577, 0.819152, 0, 1.1, 0.75 )

[node name="Cauldron" parent="." instance=ExtResource( 1 )]
transform = Transform( 0.367427, 0, -0.930052, 0, 1, 0, 0.930052, 0, 0.367427, 0, 0.44, 0 )

[node name="WorldEnvironment" type="WorldEnvironment" parent="."]
environment = SubResource( 2 )
